1 0 6 0 0 2 3 0 0
0 5 0 0 0 6 0 9 1
0 0 9 5 0 1 4 6 2
0 3 7 9 0 5 0 0 0
5 8 1 0 2 7 9 0 0
0 0 0 4 0 8 1 5 7
0 0 0 2 6 0 5 4 0
0 0 4 1 5 0 6 0 9
9 0 0 0 0 4 0 1 0

0 0 0 0 9 0 0 8 0
0 0 4 0 0 0 7 0 0
5 0 6 7 0 0 0 0 0
0 0 0 0 0 0 0 6 7
1 4 0 0 0 6 9 0 0
0 0 9 3 0 0 0 4 0
0 0 0 0 0 5 4 0 8
0 0 0 0 0 1 0 0 5
8 1 0 0 2 0 0 0 0

0 15 0 1 0 2 10 14 12 0 0 0 0 0 0 0
0 6 3 16 12 0 8 4 14 15 1 0 2 0 0 0
14 0 9 7 11 3 15 0 0 0 0 0 0 0 0 0
4 13 2 12 0 0 0 0 6 0 0 0 0 15 0 0
0 0 0 0 14 1 11 7 3 5 10 0 0 8 0 12
3 16 0 0 2 4 0 0 0 14 7 13 0 0 5 15
11 0 5 0 0 0 0 0 0 9 4 0 0 6 0 0
0 0 0 0 13 0 16 5 15 0 0 12 0 0 0 0
0 0 0 0 9 0 1 12 0 8 3 10 11 0 15 0
2 12 0 11 0 0 14 3 5 4 0 0 0 0 9 0
6 3 0 4 0 0 13 0 0 11 9 1 0 12 16 2
0 0 10 9 0 0 0 0 0 0 12 0 8 0 6 7
12 8 0 0 16 0 0 10 0 13 0 0 0 5 0 0
5 0 0 0 3 0 4 6 0 1 15 0 0 0 0 0
0 9 1 6 0 14 0 11 0 0 2 0 0 0 10 8
0 14 0 0 0 13 9 0 4 12 11 8 0 0 2 0

10 22 14 0 0 0 0 13 0 18 0 20 25 0 0 0 21 0 1 0 0 0 0 12 0
0 0 0 12 0 17 15 1 25 10 0 3 13 0 7 0 0 16 0 0 11 18 24 4 0
0 0 0 0 0 0 0 0 0 0 24 12 0 0 0 0 0 0 2 0 10 25 6 1 0
0 0 0 9 0 0 0 23 0 5 0 0 19 0 0 0 0 12 0 0 17 0 20 0 0
0 0 5 0 16 12 6 20 8 0 0 0 0 0 0 10 0 0 0 0 0 2 19 0 0
5 0 0 20 0 0 0 9 14 6 0 0 0 0 17 1 0 0 0 0 0 23 16 11 0
24 0 16 0 0 0 0 19 15 0 0 5 18 1 0 8 0 25 6 0 0 0 12 0 0
0 0 12 14 0 0 0 0 17 0 0 0 0 24 20 13 0 0 3 0 0 0 0 0 4
0 18 19 13 0 0 0 10 0 3 2 0 9 6 0 16 0 23 0 21 0 0 0 24 0
0 0 1 6 9 0 24 0 0 12 0 16 22 0 0 20 19 0 17 0 0 0 2 0 0
0 0 0 0 0 0 0 21 0 0 0 24 0 3 13 18 11 17 0 0 0 0 22 0 1
0 0 0 0 0 0 0 0 0 9 0 0 8 0 1 0 0 0 0 0 0 24 0 7 0
0 0 0 0 12 18 0 0 0 0 0 0 0 14 2 21 8 0 13 1 19 0 9 0 0
0 14 0 0 0 15 3 4 7 0 5 0 0 0 0 0 6 0 0 22 8 0 21 0 2
0 16 3 0 25 0 0 0 0 1 0 0 12 9 21 0 2 15 7 20 0 0 0 0 0
0 0 0 0 0 23 0 0 0 15 0 0 0 16 0 7 14 0 0 0 3 0 13 0 0
0 0 0 4 7 9 0 14 0 0 0 1 0 8 0 0 0 0 24 0 6 22 0 0 0
0 5 0 1 6 0 0 12 11 0 0 25 14 0 0 0 0 13 0 19 24 0 0 0 0
0 9 0 0 0 4 13 0 0 8 19 0 0 7 0 0 0 21 20 0 25 1 0 0 11
16 0 11 0 0 0 20 3 0 25 0 23 0 0 9 22 1 6 15 0 4 7 14 0 0
0 0 0 16 0 3 0 0 0 0 0 0 4 0 0 6 12 8 0 13 0 0 0 0 0
14 20 0 7 22 0 16 5 12 0 0 0 21 23 25 4 0 1 0 0 0 0 3 0 0
0 1 0 15 0 20 0 0 4 0 8 0 0 0 0 0 0 0 0 16 14 12 17 19 24
0 0 0 25 0 0 0 0 0 7 0 0 3 0 22 14 0 0 0 0 0 0 10 0 0
3 0 0 0 5 14 25 15 18 13 0 7 0 17 0 0 20 0 22 0 0 11 0 0 0