============================================================================================
EXPLORATORY DECOMPOSITION OF A 9x9 SUDOKU BOARD
============================================================================================
Requested Thread Count: 1
INPUT BOARD : 
1  0  6  0  0  2  3  0  0  
0  5  0  0  0  6  0  9  1  
0  0  9  5  0  1  4  6  2  
0  3  7  9  0  5  0  0  0  
5  8  1  0  2  7  9  0  0  
0  0  0  4  0  8  1  5  7  
0  0  0  2  6  0  5  4  0  
0  0  4  1  5  0  6  0  9  
9  0  0  0  0  4  0  1  0  
Total Boards Created : 0
Total Recursive Calls : 0
Output Board: 
1  4  6  7  9  2  3  8  5  
2  5  8  3  4  6  7  9  1  
3  7  9  5  8  1  4  6  2  
4  3  7  9  1  5  8  2  6  
5  8  1  6  2  7  9  3  4  
6  9  2  4  3  8  1  5  7  
7  1  3  2  6  9  5  4  8  
8  2  4  1  5  3  6  7  9  
9  6  5  8  7  4  2  1  3  
Total parallel time taken to solve a 9x9 Sudoku Board : 0.131506
============================================================================================
============================================================================================
EXPLORATORY DECOMPOSITION OF A 9x9 SUDOKU BOARD
============================================================================================
Requested Thread Count: 1
INPUT BOARD : 
0  0  0  0  9  0  0  8  0  
0  0  4  0  0  0  7  0  0  
5  0  6  7  0  0  0  0  0  
0  0  0  0  0  0  0  6  7  
1  4  0  0  0  6  9  0  0  
0  0  9  3  0  0  0  4  0  
0  0  0  0  0  5  4  0  8  
0  0  0  0  0  1  0  0  5  
8  1  0  0  2  0  0  0  0  
Total Boards Created : 932
Total Recursive Calls : 466
Output Board: 
7  3  1  6  9  2  5  8  4  
9  8  4  5  1  3  7  2  6  
5  2  6  7  8  4  3  9  1  
3  5  2  1  4  9  8  6  7  
1  4  8  2  7  6  9  5  3  
6  7  9  3  5  8  1  4  2  
2  6  7  9  3  5  4  1  8  
4  9  3  8  6  1  2  7  5  
8  1  5  4  2  7  6  3  9  
Total parallel time taken to solve a 9x9 Sudoku Board : 0.188838
============================================================================================
============================================================================================
EXPLORATORY DECOMPOSITION OF A 9x9 SUDOKU BOARD
============================================================================================
Requested Thread Count: 2
INPUT BOARD : 
0  0  0  0  9  0  0  8  0  
0  0  4  0  0  0  7  0  0  
5  0  6  7  0  0  0  0  0  
0  0  0  0  0  0  0  6  7  
1  4  0  0  0  6  9  0  0  
0  0  9  3  0  0  0  4  0  
0  0  0  0  0  5  4  0  8  
0  0  0  0  0  1  0  0  5  
8  1  0  0  2  0  0  0  0  
Total Boards Created : 928
Total Recursive Calls : 464
Output Board: 
7  3  1  6  9  2  5  8  4  
9  8  4  5  1  3  7  2  6  
5  2  6  7  8  4  3  9  1  
3  5  2  1  4  9  8  6  7  
1  4  8  2  7  6  9  5  3  
6  7  9  3  5  8  1  4  2  
2  6  7  9  3  5  4  1  8  
4  9  3  8  6  1  2  7  5  
8  1  5  4  2  7  6  3  9  
Total parallel time taken to solve a 9x9 Sudoku Board : 0.304209
============================================================================================
============================================================================================
EXPLORATORY DECOMPOSITION OF A 9x9 SUDOKU BOARD
============================================================================================
Requested Thread Count: 4
INPUT BOARD : 
0  0  0  0  9  0  0  8  0  
0  0  4  0  0  0  7  0  0  
5  0  6  7  0  0  0  0  0  
0  0  0  0  0  0  0  6  7  
1  4  0  0  0  6  9  0  0  
0  0  9  3  0  0  0  4  0  
0  0  0  0  0  5  4  0  8  
0  0  0  0  0  1  0  0  5  
8  1  0  0  2  0  0  0  0  
Total Boards Created : 928
Total Recursive Calls : 464
Output Board: 
7  3  1  6  9  2  5  8  4  
9  8  4  5  1  3  7  2  6  
5  2  6  7  8  4  3  9  1  
3  5  2  1  4  9  8  6  7  
1  4  8  2  7  6  9  5  3  
6  7  9  3  5  8  1  4  2  
2  6  7  9  3  5  4  1  8  
4  9  3  8  6  1  2  7  5  
8  1  5  4  2  7  6  3  9  
Total parallel time taken to solve a 9x9 Sudoku Board : 0.26228
============================================================================================
============================================================================================
EXPLORATORY DECOMPOSITION OF A 9x9 SUDOKU BOARD
============================================================================================
Requested Thread Count: 16
INPUT BOARD : 
0  0  0  0  9  0  0  8  0  
0  0  4  0  0  0  7  0  0  
5  0  6  7  0  0  0  0  0  
0  0  0  0  0  0  0  6  7  
1  4  0  0  0  6  9  0  0  
0  0  9  3  0  0  0  4  0  
0  0  0  0  0  5  4  0  8  
0  0  0  0  0  1  0  0  5  
8  1  0  0  2  0  0  0  0  
Total Boards Created : 926
Total Recursive Calls : 463
Output Board: 
7  3  1  6  9  2  5  8  4  
9  8  4  5  1  3  7  2  6  
5  2  6  7  8  4  3  9  1  
3  5  2  1  4  9  8  6  7  
1  4  8  2  7  6  9  5  3  
6  7  9  3  5  8  1  4  2  
2  6  7  9  3  5  4  1  8  
4  9  3  8  6  1  2  7  5  
8  1  5  4  2  7  6  3  9  
Total parallel time taken to solve a 9x9 Sudoku Board : 0.27479
============================================================================================
============================================================================================
EXPLORATORY DECOMPOSITION OF A 9x9 SUDOKU BOARD
============================================================================================
Requested Thread Count: 50
INPUT BOARD : 
0  0  0  0  9  0  0  8  0  
0  0  4  0  0  0  7  0  0  
5  0  6  7  0  0  0  0  0  
0  0  0  0  0  0  0  6  7  
1  4  0  0  0  6  9  0  0  
0  0  9  3  0  0  0  4  0  
0  0  0  0  0  5  4  0  8  
0  0  0  0  0  1  0  0  5  
8  1  0  0  2  0  0  0  0  
Total Boards Created : 922
Total Recursive Calls : 461
Output Board: 
7  3  1  6  9  2  5  8  4  
9  8  4  5  1  3  7  2  6  
5  2  6  7  8  4  3  9  1  
3  5  2  1  4  9  8  6  7  
1  4  8  2  7  6  9  5  3  
6  7  9  3  5  8  1  4  2  
2  6  7  9  3  5  4  1  8  
4  9  3  8  6  1  2  7  5  
8  1  5  4  2  7  6  3  9  
Total parallel time taken to solve a 9x9 Sudoku Board : 0.185977
============================================================================================
============================================================================================
EXPLORATORY DECOMPOSITION OF A 9x9 SUDOKU BOARD
============================================================================================
Requested Thread Count: 100
INPUT BOARD : 
0  0  0  0  9  0  0  8  0  
0  0  4  0  0  0  7  0  0  
5  0  6  7  0  0  0  0  0  
0  0  0  0  0  0  0  6  7  
1  4  0  0  0  6  9  0  0  
0  0  9  3  0  0  0  4  0  
0  0  0  0  0  5  4  0  8  
0  0  0  0  0  1  0  0  5  
8  1  0  0  2  0  0  0  0  
Total Boards Created : 932
Total Recursive Calls : 466
Output Board: 
7  3  1  6  9  2  5  8  4  
9  8  4  5  1  3  7  2  6  
5  2  6  7  8  4  3  9  1  
3  5  2  1  4  9  8  6  7  
1  4  8  2  7  6  9  5  3  
6  7  9  3  5  8  1  4  2  
2  6  7  9  3  5  4  1  8  
4  9  3  8  6  1  2  7  5  
8  1  5  4  2  7  6  3  9  
Total parallel time taken to solve a 9x9 Sudoku Board : 0.177583
============================================================================================
============================================================================================
EXPLORATORY DECOMPOSITION OF A 9x9 SUDOKU BOARD
============================================================================================
Requested Thread Count: 1000
INPUT BOARD : 
0  0  0  0  9  0  0  8  0  
0  0  4  0  0  0  7  0  0  
5  0  6  7  0  0  0  0  0  
0  0  0  0  0  0  0  6  7  
1  4  0  0  0  6  9  0  0  
0  0  9  3  0  0  0  4  0  
0  0  0  0  0  5  4  0  8  
0  0  0  0  0  1  0  0  5  
8  1  0  0  2  0  0  0  0  
Total Boards Created : 918
Total Recursive Calls : 459
Output Board: 
7  3  1  6  9  2  5  8  4  
9  8  4  5  1  3  7  2  6  
5  2  6  7  8  4  3  9  1  
3  5  2  1  4  9  8  6  7  
1  4  8  2  7  6  9  5  3  
6  7  9  3  5  8  1  4  2  
2  6  7  9  3  5  4  1  8  
4  9  3  8  6  1  2  7  5  
8  1  5  4  2  7  6  3  9  
Total parallel time taken to solve a 9x9 Sudoku Board : 0.182784
============================================================================================
============================================================================================
EXPLORATORY DECOMPOSITION OF A 16x16 SUDOKU BOARD
============================================================================================
Requested Thread Count: 1
INPUT BOARD : 
0  15  0  1  0  2  10  14  12  0  0  0  0  0  0  0  
0  6  3  16  12  0  8  4  14  15  1  0  2  0  0  0  
14  0  9  7  11  3  15  0  0  0  0  0  0  0  0  0  
4  13  2  12  0  0  0  0  6  0  0  0  0  15  0  0  
0  0  0  0  14  1  11  7  3  5  10  0  0  8  0  12  
3  16  0  0  2  4  0  0  0  14  7  13  0  0  5  15  
11  0  5  0  0  0  0  0  0  9  4  0  0  6  0  0  
0  0  0  0  13  0  16  5  15  0  0  12  0  0  0  0  
0  0  0  0  9  0  1  12  0  8  3  10  11  0  15  0  
2  12  0  11  0  0  14  3  5  4  0  0  0  0  9  0  
6  3  0  4  0  0  13  0  0  11  9  1  0  12  16  2  
0  0  10  9  0  0  0  0  0  0  12  0  8  0  6  7  
12  8  0  0  16  0  0  10  0  13  0  0  0  5  0  0  
5  0  0  0  3  0  4  6  0  1  15  0  0  0  0  0  
0  9  1  6  0  14  0  11  0  0  2  0  0  0  10  8  
0  14  0  0  0  13  9  0  4  12  11  8  0  0  2  0  
Total Boards Created : 24223
Total Recursive Calls : 11812
Output Board: 
8  15  11  1  6  2  10  14  12  7  13  3  16  9  4  5  
10  6  3  16  12  5  8  4  14  15  1  9  2  11  7  13  
14  5  9  7  11  3  15  13  8  2  16  4  12  10  1  6  
4  13  2  12  1  9  7  16  6  10  5  11  3  15  8  14  
9  2  6  15  14  1  11  7  3  5  10  16  4  8  13  12  
3  16  12  8  2  4  6  9  11  14  7  13  10  1  5  15  
11  10  5  13  8  12  3  15  1  9  4  2  7  6  14  16  
1  4  7  14  13  10  16  5  15  6  8  12  9  2  3  11  
13  7  16  5  9  6  1  12  2  8  3  10  11  14  15  4  
2  12  8  11  7  16  14  3  5  4  6  15  1  13  9  10  
6  3  14  4  10  15  13  8  7  11  9  1  5  12  16  2  
15  1  10  9  4  11  5  2  13  16  12  14  8  3  6  7  
12  8  4  3  16  7  2  10  9  13  14  6  15  5  11  1  
5  11  13  2  3  8  4  6  10  1  15  7  14  16  12  9  
7  9  1  6  15  14  12  11  16  3  2  5  13  4  10  8  
16  14  15  10  5  13  9  1  4  12  11  8  6  7  2  3  
Total parallel time taken to solve a 16x16 Sudoku Board : 12.3696
============================================================================================
============================================================================================
EXPLORATORY DECOMPOSITION OF A 16x16 SUDOKU BOARD
============================================================================================
Requested Thread Count: 2
INPUT BOARD : 
0  15  0  1  0  2  10  14  12  0  0  0  0  0  0  0  
0  6  3  16  12  0  8  4  14  15  1  0  2  0  0  0  
14  0  9  7  11  3  15  0  0  0  0  0  0  0  0  0  
4  13  2  12  0  0  0  0  6  0  0  0  0  15  0  0  
0  0  0  0  14  1  11  7  3  5  10  0  0  8  0  12  
3  16  0  0  2  4  0  0  0  14  7  13  0  0  5  15  
11  0  5  0  0  0  0  0  0  9  4  0  0  6  0  0  
0  0  0  0  13  0  16  5  15  0  0  12  0  0  0  0  
0  0  0  0  9  0  1  12  0  8  3  10  11  0  15  0  
2  12  0  11  0  0  14  3  5  4  0  0  0  0  9  0  
6  3  0  4  0  0  13  0  0  11  9  1  0  12  16  2  
0  0  10  9  0  0  0  0  0  0  12  0  8  0  6  7  
12  8  0  0  16  0  0  10  0  13  0  0  0  5  0  0  
5  0  0  0  3  0  4  6  0  1  15  0  0  0  0  0  
0  9  1  6  0  14  0  11  0  0  2  0  0  0  10  8  
0  14  0  0  0  13  9  0  4  12  11  8  0  0  2  0  
Total Boards Created : 24223
Total Recursive Calls : 11812
Output Board: 
8  15  11  1  6  2  10  14  12  7  13  3  16  9  4  5  
10  6  3  16  12  5  8  4  14  15  1  9  2  11  7  13  
14  5  9  7  11  3  15  13  8  2  16  4  12  10  1  6  
4  13  2  12  1  9  7  16  6  10  5  11  3  15  8  14  
9  2  6  15  14  1  11  7  3  5  10  16  4  8  13  12  
3  16  12  8  2  4  6  9  11  14  7  13  10  1  5  15  
11  10  5  13  8  12  3  15  1  9  4  2  7  6  14  16  
1  4  7  14  13  10  16  5  15  6  8  12  9  2  3  11  
13  7  16  5  9  6  1  12  2  8  3  10  11  14  15  4  
2  12  8  11  7  16  14  3  5  4  6  15  1  13  9  10  
6  3  14  4  10  15  13  8  7  11  9  1  5  12  16  2  
15  1  10  9  4  11  5  2  13  16  12  14  8  3  6  7  
12  8  4  3  16  7  2  10  9  13  14  6  15  5  11  1  
5  11  13  2  3  8  4  6  10  1  15  7  14  16  12  9  
7  9  1  6  15  14  12  11  16  3  2  5  13  4  10  8  
16  14  15  10  5  13  9  1  4  12  11  8  6  7  2  3  
Total parallel time taken to solve a 16x16 Sudoku Board : 12.3467
============================================================================================
============================================================================================
EXPLORATORY DECOMPOSITION OF A 16x16 SUDOKU BOARD
============================================================================================
Requested Thread Count: 4
INPUT BOARD : 
0  15  0  1  0  2  10  14  12  0  0  0  0  0  0  0  
0  6  3  16  12  0  8  4  14  15  1  0  2  0  0  0  
14  0  9  7  11  3  15  0  0  0  0  0  0  0  0  0  
4  13  2  12  0  0  0  0  6  0  0  0  0  15  0  0  
0  0  0  0  14  1  11  7  3  5  10  0  0  8  0  12  
3  16  0  0  2  4  0  0  0  14  7  13  0  0  5  15  
11  0  5  0  0  0  0  0  0  9  4  0  0  6  0  0  
0  0  0  0  13  0  16  5  15  0  0  12  0  0  0  0  
0  0  0  0  9  0  1  12  0  8  3  10  11  0  15  0  
2  12  0  11  0  0  14  3  5  4  0  0  0  0  9  0  
6  3  0  4  0  0  13  0  0  11  9  1  0  12  16  2  
0  0  10  9  0  0  0  0  0  0  12  0  8  0  6  7  
12  8  0  0  16  0  0  10  0  13  0  0  0  5  0  0  
5  0  0  0  3  0  4  6  0  1  15  0  0  0  0  0  
0  9  1  6  0  14  0  11  0  0  2  0  0  0  10  8  
0  14  0  0  0  13  9  0  4  12  11  8  0  0  2  0  
Total Boards Created : 24223
Total Recursive Calls : 11812
Output Board: 
8  15  11  1  6  2  10  14  12  7  13  3  16  9  4  5  
10  6  3  16  12  5  8  4  14  15  1  9  2  11  7  13  
14  5  9  7  11  3  15  13  8  2  16  4  12  10  1  6  
4  13  2  12  1  9  7  16  6  10  5  11  3  15  8  14  
9  2  6  15  14  1  11  7  3  5  10  16  4  8  13  12  
3  16  12  8  2  4  6  9  11  14  7  13  10  1  5  15  
11  10  5  13  8  12  3  15  1  9  4  2  7  6  14  16  
1  4  7  14  13  10  16  5  15  6  8  12  9  2  3  11  
13  7  16  5  9  6  1  12  2  8  3  10  11  14  15  4  
2  12  8  11  7  16  14  3  5  4  6  15  1  13  9  10  
6  3  14  4  10  15  13  8  7  11  9  1  5  12  16  2  
15  1  10  9  4  11  5  2  13  16  12  14  8  3  6  7  
12  8  4  3  16  7  2  10  9  13  14  6  15  5  11  1  
5  11  13  2  3  8  4  6  10  1  15  7  14  16  12  9  
7  9  1  6  15  14  12  11  16  3  2  5  13  4  10  8  
16  14  15  10  5  13  9  1  4  12  11  8  6  7  2  3  
Total parallel time taken to solve a 16x16 Sudoku Board : 12.3521
============================================================================================
============================================================================================
EXPLORATORY DECOMPOSITION OF A 16x16 SUDOKU BOARD
============================================================================================
Requested Thread Count: 16
INPUT BOARD : 
0  15  0  1  0  2  10  14  12  0  0  0  0  0  0  0  
0  6  3  16  12  0  8  4  14  15  1  0  2  0  0  0  
14  0  9  7  11  3  15  0  0  0  0  0  0  0  0  0  
4  13  2  12  0  0  0  0  6  0  0  0  0  15  0  0  
0  0  0  0  14  1  11  7  3  5  10  0  0  8  0  12  
3  16  0  0  2  4  0  0  0  14  7  13  0  0  5  15  
11  0  5  0  0  0  0  0  0  9  4  0  0  6  0  0  
0  0  0  0  13  0  16  5  15  0  0  12  0  0  0  0  
0  0  0  0  9  0  1  12  0  8  3  10  11  0  15  0  
2  12  0  11  0  0  14  3  5  4  0  0  0  0  9  0  
6  3  0  4  0  0  13  0  0  11  9  1  0  12  16  2  
0  0  10  9  0  0  0  0  0  0  12  0  8  0  6  7  
12  8  0  0  16  0  0  10  0  13  0  0  0  5  0  0  
5  0  0  0  3  0  4  6  0  1  15  0  0  0  0  0  
0  9  1  6  0  14  0  11  0  0  2  0  0  0  10  8  
0  14  0  0  0  13  9  0  4  12  11  8  0  0  2  0  
Total Boards Created : 24223
Total Recursive Calls : 11812
Output Board: 
8  15  11  1  6  2  10  14  12  7  13  3  16  9  4  5  
10  6  3  16  12  5  8  4  14  15  1  9  2  11  7  13  
14  5  9  7  11  3  15  13  8  2  16  4  12  10  1  6  
4  13  2  12  1  9  7  16  6  10  5  11  3  15  8  14  
9  2  6  15  14  1  11  7  3  5  10  16  4  8  13  12  
3  16  12  8  2  4  6  9  11  14  7  13  10  1  5  15  
11  10  5  13  8  12  3  15  1  9  4  2  7  6  14  16  
1  4  7  14  13  10  16  5  15  6  8  12  9  2  3  11  
13  7  16  5  9  6  1  12  2  8  3  10  11  14  15  4  
2  12  8  11  7  16  14  3  5  4  6  15  1  13  9  10  
6  3  14  4  10  15  13  8  7  11  9  1  5  12  16  2  
15  1  10  9  4  11  5  2  13  16  12  14  8  3  6  7  
12  8  4  3  16  7  2  10  9  13  14  6  15  5  11  1  
5  11  13  2  3  8  4  6  10  1  15  7  14  16  12  9  
7  9  1  6  15  14  12  11  16  3  2  5  13  4  10  8  
16  14  15  10  5  13  9  1  4  12  11  8  6  7  2  3  
Total parallel time taken to solve a 16x16 Sudoku Board : 12.2746
============================================================================================
============================================================================================
EXPLORATORY DECOMPOSITION OF A 16x16 SUDOKU BOARD
============================================================================================
Requested Thread Count: 50
INPUT BOARD : 
0  15  0  1  0  2  10  14  12  0  0  0  0  0  0  0  
0  6  3  16  12  0  8  4  14  15  1  0  2  0  0  0  
14  0  9  7  11  3  15  0  0  0  0  0  0  0  0  0  
4  13  2  12  0  0  0  0  6  0  0  0  0  15  0  0  
0  0  0  0  14  1  11  7  3  5  10  0  0  8  0  12  
3  16  0  0  2  4  0  0  0  14  7  13  0  0  5  15  
11  0  5  0  0  0  0  0  0  9  4  0  0  6  0  0  
0  0  0  0  13  0  16  5  15  0  0  12  0  0  0  0  
0  0  0  0  9  0  1  12  0  8  3  10  11  0  15  0  
2  12  0  11  0  0  14  3  5  4  0  0  0  0  9  0  
6  3  0  4  0  0  13  0  0  11  9  1  0  12  16  2  
0  0  10  9  0  0  0  0  0  0  12  0  8  0  6  7  
12  8  0  0  16  0  0  10  0  13  0  0  0  5  0  0  
5  0  0  0  3  0  4  6  0  1  15  0  0  0  0  0  
0  9  1  6  0  14  0  11  0  0  2  0  0  0  10  8  
0  14  0  0  0  13  9  0  4  12  11  8  0  0  2  0  
Total Boards Created : 24223
Total Recursive Calls : 11812
Output Board: 
8  15  11  1  6  2  10  14  12  7  13  3  16  9  4  5  
10  6  3  16  12  5  8  4  14  15  1  9  2  11  7  13  
14  5  9  7  11  3  15  13  8  2  16  4  12  10  1  6  
4  13  2  12  1  9  7  16  6  10  5  11  3  15  8  14  
9  2  6  15  14  1  11  7  3  5  10  16  4  8  13  12  
3  16  12  8  2  4  6  9  11  14  7  13  10  1  5  15  
11  10  5  13  8  12  3  15  1  9  4  2  7  6  14  16  
1  4  7  14  13  10  16  5  15  6  8  12  9  2  3  11  
13  7  16  5  9  6  1  12  2  8  3  10  11  14  15  4  
2  12  8  11  7  16  14  3  5  4  6  15  1  13  9  10  
6  3  14  4  10  15  13  8  7  11  9  1  5  12  16  2  
15  1  10  9  4  11  5  2  13  16  12  14  8  3  6  7  
12  8  4  3  16  7  2  10  9  13  14  6  15  5  11  1  
5  11  13  2  3  8  4  6  10  1  15  7  14  16  12  9  
7  9  1  6  15  14  12  11  16  3  2  5  13  4  10  8  
16  14  15  10  5  13  9  1  4  12  11  8  6  7  2  3  
Total parallel time taken to solve a 16x16 Sudoku Board : 12.3445
============================================================================================
============================================================================================
EXPLORATORY DECOMPOSITION OF A 16x16 SUDOKU BOARD
============================================================================================
Requested Thread Count: 100
INPUT BOARD : 
0  15  0  1  0  2  10  14  12  0  0  0  0  0  0  0  
0  6  3  16  12  0  8  4  14  15  1  0  2  0  0  0  
14  0  9  7  11  3  15  0  0  0  0  0  0  0  0  0  
4  13  2  12  0  0  0  0  6  0  0  0  0  15  0  0  
0  0  0  0  14  1  11  7  3  5  10  0  0  8  0  12  
3  16  0  0  2  4  0  0  0  14  7  13  0  0  5  15  
11  0  5  0  0  0  0  0  0  9  4  0  0  6  0  0  
0  0  0  0  13  0  16  5  15  0  0  12  0  0  0  0  
0  0  0  0  9  0  1  12  0  8  3  10  11  0  15  0  
2  12  0  11  0  0  14  3  5  4  0  0  0  0  9  0  
6  3  0  4  0  0  13  0  0  11  9  1  0  12  16  2  
0  0  10  9  0  0  0  0  0  0  12  0  8  0  6  7  
12  8  0  0  16  0  0  10  0  13  0  0  0  5  0  0  
5  0  0  0  3  0  4  6  0  1  15  0  0  0  0  0  
0  9  1  6  0  14  0  11  0  0  2  0  0  0  10  8  
0  14  0  0  0  13  9  0  4  12  11  8  0  0  2  0  
Total Boards Created : 24223
Total Recursive Calls : 11812
Output Board: 
8  15  11  1  6  2  10  14  12  7  13  3  16  9  4  5  
10  6  3  16  12  5  8  4  14  15  1  9  2  11  7  13  
14  5  9  7  11  3  15  13  8  2  16  4  12  10  1  6  
4  13  2  12  1  9  7  16  6  10  5  11  3  15  8  14  
9  2  6  15  14  1  11  7  3  5  10  16  4  8  13  12  
3  16  12  8  2  4  6  9  11  14  7  13  10  1  5  15  
11  10  5  13  8  12  3  15  1  9  4  2  7  6  14  16  
1  4  7  14  13  10  16  5  15  6  8  12  9  2  3  11  
13  7  16  5  9  6  1  12  2  8  3  10  11  14  15  4  
2  12  8  11  7  16  14  3  5  4  6  15  1  13  9  10  
6  3  14  4  10  15  13  8  7  11  9  1  5  12  16  2  
15  1  10  9  4  11  5  2  13  16  12  14  8  3  6  7  
12  8  4  3  16  7  2  10  9  13  14  6  15  5  11  1  
5  11  13  2  3  8  4  6  10  1  15  7  14  16  12  9  
7  9  1  6  15  14  12  11  16  3  2  5  13  4  10  8  
16  14  15  10  5  13  9  1  4  12  11  8  6  7  2  3  
Total parallel time taken to solve a 16x16 Sudoku Board : 12.3245
============================================================================================
============================================================================================
EXPLORATORY DECOMPOSITION OF A 16x16 SUDOKU BOARD
============================================================================================
Requested Thread Count: 1000
INPUT BOARD : 
0  15  0  1  0  2  10  14  12  0  0  0  0  0  0  0  
0  6  3  16  12  0  8  4  14  15  1  0  2  0  0  0  
14  0  9  7  11  3  15  0  0  0  0  0  0  0  0  0  
4  13  2  12  0  0  0  0  6  0  0  0  0  15  0  0  
0  0  0  0  14  1  11  7  3  5  10  0  0  8  0  12  
3  16  0  0  2  4  0  0  0  14  7  13  0  0  5  15  
11  0  5  0  0  0  0  0  0  9  4  0  0  6  0  0  
0  0  0  0  13  0  16  5  15  0  0  12  0  0  0  0  
0  0  0  0  9  0  1  12  0  8  3  10  11  0  15  0  
2  12  0  11  0  0  14  3  5  4  0  0  0  0  9  0  
6  3  0  4  0  0  13  0  0  11  9  1  0  12  16  2  
0  0  10  9  0  0  0  0  0  0  12  0  8  0  6  7  
12  8  0  0  16  0  0  10  0  13  0  0  0  5  0  0  
5  0  0  0  3  0  4  6  0  1  15  0  0  0  0  0  
0  9  1  6  0  14  0  11  0  0  2  0  0  0  10  8  
0  14  0  0  0  13  9  0  4  12  11  8  0  0  2  0  
Total Boards Created : 24223
Total Recursive Calls : 11812
Output Board: 
8  15  11  1  6  2  10  14  12  7  13  3  16  9  4  5  
10  6  3  16  12  5  8  4  14  15  1  9  2  11  7  13  
14  5  9  7  11  3  15  13  8  2  16  4  12  10  1  6  
4  13  2  12  1  9  7  16  6  10  5  11  3  15  8  14  
9  2  6  15  14  1  11  7  3  5  10  16  4  8  13  12  
3  16  12  8  2  4  6  9  11  14  7  13  10  1  5  15  
11  10  5  13  8  12  3  15  1  9  4  2  7  6  14  16  
1  4  7  14  13  10  16  5  15  6  8  12  9  2  3  11  
13  7  16  5  9  6  1  12  2  8  3  10  11  14  15  4  
2  12  8  11  7  16  14  3  5  4  6  15  1  13  9  10  
6  3  14  4  10  15  13  8  7  11  9  1  5  12  16  2  
15  1  10  9  4  11  5  2  13  16  12  14  8  3  6  7  
12  8  4  3  16  7  2  10  9  13  14  6  15  5  11  1  
5  11  13  2  3  8  4  6  10  1  15  7  14  16  12  9  
7  9  1  6  15  14  12  11  16  3  2  5  13  4  10  8  
16  14  15  10  5  13  9  1  4  12  11  8  6  7  2  3  
Total parallel time taken to solve a 16x16 Sudoku Board : 12.3346
============================================================================================
============================================================================================
EXPLORATORY DECOMPOSITION OF A 16x16 SUDOKU BOARD
============================================================================================
Requested Thread Count: 100
INPUT BOARD : 
0  0  6  0  7  0  0  0  15  0  0  0  0  0  5  9  
0  0  3  0  0  6  0  14  0  0  0  1  0  2  0  0  
0  13  0  14  10  0  0  15  0  0  6  11  0  0  0  1  
5  2  0  15  0  12  16  0  0  9  4  0  0  0  0  7  
0  0  0  0  0  16  0  0  0  0  0  0  0  13  0  14  
14  0  0  6  11  10  13  1  0  0  5  3  0  8  0  0  
0  0  0  12  0  0  7  0  0  0  0  13  0  0  0  0  
2  0  0  0  0  0  0  3  4  1  10  0  15  0  7  0  
8  0  0  0  0  0  4  0  0  6  13  9  7  0  0  0  
0  0  0  2  12  0  0  0  16  0  0  8  13  0  0  0  
1  14  0  0  2  0  0  10  0  3  0  15  0  6  0  0  
0  4  0  3  0  14  11  6  0  0  12  0  0  0  10  0  
0  9  0  0  0  1  2  7  0  11  8  12  0  0  0  16  
0  5  0  0  0  0  3  11  9  0  0  10  0  7  0  0  
0  12  13  0  0  0  0  0  5  15  0  0  0  9  8  0  
0  16  11  10  9  0  0  0  0  0  7  0  5  0  0  0  
Total Boards Created : 0
Total Recursive Calls : 0
Output Board: 
12  8  6  16  7  11  1  13  15  10  3  2  14  4  5  9  
11  10  3  7  4  6  9  14  12  5  16  1  8  2  15  13  
9  13  4  14  10  2  5  15  8  7  6  11  3  16  12  1  
5  2  1  15  3  12  16  8  13  9  4  14  10  11  6  7  
4  3  10  5  15  16  12  2  6  8  9  7  1  13  11  14  
14  7  15  6  11  10  13  1  2  12  5  3  16  8  9  4  
16  1  8  12  6  9  7  4  11  14  15  13  2  5  3  10  
2  11  9  13  8  5  14  3  4  1  10  16  15  12  7  6  
8  15  12  11  1  3  4  5  10  6  13  9  7  14  16  2  
10  6  5  2  12  7  15  9  16  4  14  8  13  3  1  11  
1  14  16  9  2  13  8  10  7  3  11  15  12  6  4  5  
13  4  7  3  16  14  11  6  1  2  12  5  9  15  10  8  
15  9  14  4  5  1  2  7  3  11  8  12  6  10  13  16  
6  5  2  8  13  15  3  11  9  16  1  10  4  7  14  12  
7  12  13  1  14  4  10  16  5  15  2  6  11  9  8  3  
3  16  11  10  9  8  6  12  14  13  7  4  5  1  2  15  
Total parallel time taken to solve a 16x16 Sudoku Board : 7.57481
============================================================================================
============================================================================================
EXPLORATORY DECOMPOSITION OF A 16x16 SUDOKU BOARD
============================================================================================
Requested Thread Count: 100
INPUT BOARD : 
1  0  3  0  5  0  7  8  9  0  11  12  13  0  15  16  
5  6  0  8  0  0  0  0  0  14  0  16  9  10  11  12  
9  0  11  0  13  0  15  0  0  2  3  0  5  6  7  8  
13  14  0  0  9  0  11  12  0  6  7  0  1  2  0  4  
0  0  0  0  6  5  0  0  0  0  0  11  0  0  0  15  
6  0  8  7  0  1  4  0  0  0  16  15  10  9  12  11  
0  0  12  0  14  0  16  0  2  1  0  0  0  0  0  0  
14  13  0  15  10  0  12  0  0  5  0  7  2  0  4  0  
0  0  1  2  7  0  0  6  0  12  9  0  0  16  13  0  
0  8  5  0  3  0  0  2  15  16  13  14  0  0  0  10  
11  0  9  10  0  16  0  14  3  4  0  0  7  8  5  6  
0  0  0  0  0  12  9  0  0  0  0  0  3  4  0  0  
4  3  0  1  8  7  6  0  0  11  10  9  16  0  0  0  
8  0  0  5  4  3  2  0  0  0  0  0  12  0  10  0  
0  11  10  0  0  15  0  0  4  3  0  1  8  0  0  5  
16  15  14  0  0  0  10  9  8  0  6  0  0  3  2  0  
Total Boards Created : 0
Total Recursive Calls : 0
Output Board: 
1  2  3  4  5  6  7  8  9  10  11  12  13  14  15  16  
5  6  7  8  1  2  3  4  13  14  15  16  9  10  11  12  
9  10  11  12  13  14  15  16  1  2  3  4  5  6  7  8  
13  14  15  16  9  10  11  12  5  6  7  8  1  2  3  4  
2  1  4  3  6  5  8  7  10  9  12  11  14  13  16  15  
6  5  8  7  2  1  4  3  14  13  16  15  10  9  12  11  
10  9  12  11  14  13  16  15  2  1  4  3  6  5  8  7  
14  13  16  15  10  9  12  11  6  5  8  7  2  1  4  3  
3  4  1  2  7  8  5  6  11  12  9  10  15  16  13  14  
7  8  5  6  3  4  1  2  15  16  13  14  11  12  9  10  
11  12  9  10  15  16  13  14  3  4  1  2  7  8  5  6  
15  16  13  14  11  12  9  10  7  8  5  6  3  4  1  2  
4  3  2  1  8  7  6  5  12  11  10  9  16  15  14  13  
8  7  6  5  4  3  2  1  16  15  14  13  12  11  10  9  
12  11  10  9  16  15  14  13  4  3  2  1  8  7  6  5  
16  15  14  13  12  11  10  9  8  7  6  5  4  3  2  1  
Total parallel time taken to solve a 16x16 Sudoku Board : 0.525517
============================================================================================
============================================================================================
EXPLORATORY DECOMPOSITION OF A 9x9 SUDOKU BOARD
============================================================================================
Requested Thread Count: 10
INPUT BOARD : 
4  0  0  0  0  0  3  0  0  
0  0  0  8  0  2  0  0  0  
0  0  0  7  0  0  0  0  0  
0  0  0  1  0  0  0  8  7  
3  4  0  0  0  0  0  0  0  
6  0  0  0  0  0  0  0  0  
5  0  0  0  6  0  0  0  0  
0  0  0  0  1  0  4  0  0  
0  8  2  0  0  0  0  0  0  
Total Boards Created : 482647
Total Recursive Calls : 238553
Output Board: 
4  7  5  6  9  1  3  2  8  
9  6  1  8  3  2  7  4  5  
8  2  3  7  5  4  1  9  6  
2  5  9  1  4  3  6  8  7  
3  4  7  5  8  6  2  1  9  
6  1  8  9  2  7  5  3  4  
5  3  4  2  6  9  8  7  1  
7  9  6  3  1  8  4  5  2  
1  8  2  4  7  5  9  6  3  
Total parallel time taken to solve a 9x9 Sudoku Board : 52.4938
============================================================================================
============================================================================================
EXPLORATORY DECOMPOSITION OF A 9x9 SUDOKU BOARD
============================================================================================
Requested Thread Count: 10
INPUT BOARD : 
4  0  0  0  0  0  5  0  8  
0  3  0  0  0  0  0  0  0  
0  0  0  7  0  0  0  0  0  
0  2  0  0  0  0  0  6  0  
0  0  0  0  5  0  8  0  0  
0  0  0  0  1  0  0  0  0  
0  0  0  6  0  3  0  7  0  
5  0  0  2  0  0  0  0  0  
1  0  8  0  0  0  0  0  0  
Total Boards Created : 11843
Total Recursive Calls : 5834
Output Board: 
4  1  7  3  6  9  5  2  8  
8  3  9  1  2  5  7  4  6  
6  5  2  7  4  8  3  1  9  
9  2  5  8  3  7  4  6  1  
7  4  1  9  5  6  8  3  2  
3  8  6  4  1  2  9  5  7  
2  9  4  6  8  3  1  7  5  
5  7  3  2  9  1  6  8  4  
1  6  8  5  7  4  2  9  3  
Total parallel time taken to solve a 9x9 Sudoku Board : 1.26492
============================================================================================
============================================================================================
EXPLORATORY DECOMPOSITION OF A 9x9 SUDOKU BOARD
============================================================================================
Requested Thread Count: 10
INPUT BOARD : 
0  0  0  5  0  1  0  0  0  
0  9  0  0  0  0  8  0  0  
0  6  0  0  0  0  0  0  0  
4  0  1  0  0  0  0  0  0  
0  0  0  0  7  0  0  9  0  
0  0  0  0  0  0  0  3  0  
8  0  0  0  0  0  1  0  5  
0  0  0  2  0  0  4  0  0  
0  0  0  3  6  0  0  0  0  
Total Boards Created : 1617341
Total Recursive Calls : 795661
Output Board: 
7  4  8  5  9  1  3  2  6  
1  9  5  6  2  3  8  4  7  
2  6  3  4  8  7  5  1  9  
4  2  1  9  3  6  7  5  8  
3  5  6  8  7  4  2  9  1  
9  8  7  1  5  2  6  3  4  
8  3  2  7  4  9  1  6  5  
6  7  9  2  1  5  4  8  3  
5  1  4  3  6  8  9  7  2  
Total parallel time taken to solve a 9x9 Sudoku Board : 229.719
============================================================================================
============================================================================================
EXPLORATORY DECOMPOSITION OF A 9x9 SUDOKU BOARD
============================================================================================
Requested Thread Count: 10
INPUT BOARD : 
1  0  0  0  0  0  9  0  0  
0  6  4  0  0  1  0  7  0  
0  7  0  0  4  0  0  0  0  
0  0  0  3  0  0  0  0  0  
3  0  8  9  0  0  5  0  0  
0  0  7  0  0  0  0  2  0  
0  0  0  0  6  0  7  0  9  
0  0  0  0  0  4  0  1  0  
0  0  0  1  2  9  0  3  0  
Total Boards Created : 1932
Total Recursive Calls : 966
Output Board: 
1  5  2  7  3  8  9  4  6  
8  6  4  2  9  1  3  7  5  
9  7  3  6  4  5  2  8  1  
2  1  6  3  5  7  4  9  8  
3  4  8  9  1  2  5  6  7  
5  9  7  4  8  6  1  2  3  
4  2  1  8  6  3  7  5  9  
6  3  9  5  7  4  8  1  2  
7  8  5  1  2  9  6  3  4  
Total parallel time taken to solve a 9x9 Sudoku Board : 0.261081
============================================================================================
============================================================================================
EXPLORATORY DECOMPOSITION OF A 9x9 SUDOKU BOARD
============================================================================================
Requested Thread Count: 10
INPUT BOARD : 
0  4  7  0  2  0  0  0  0  
8  0  0  0  0  1  0  0  0  
0  3  0  0  0  0  9  0  2  
0  0  0  0  0  5  0  0  0  
6  0  0  8  1  0  0  5  0  
0  0  0  0  4  0  0  0  0  
0  7  0  0  0  0  3  0  4  
0  0  0  9  0  0  0  1  0  
4  0  0  2  7  0  8  0  0  
Total Boards Created : 119
Total Recursive Calls : 58
Output Board: 
9  4  7  3  2  6  5  8  1  
8  5  2  4  9  1  6  7  3  
1  3  6  5  8  7  9  4  2  
2  8  4  7  3  5  1  6  9  
6  9  3  8  1  2  4  5  7  
7  1  5  6  4  9  2  3  8  
5  7  9  1  6  8  3  2  4  
3  2  8  9  5  4  7  1  6  
4  6  1  2  7  3  8  9  5  
Total parallel time taken to solve a 9x9 Sudoku Board : 0.0526907
============================================================================================
============================================================================================
EXPLORATORY DECOMPOSITION OF A 9x9 SUDOKU BOARD
============================================================================================
Requested Thread Count: 10
INPUT BOARD : 
0  0  0  0  0  0  0  4  0  
0  0  2  0  0  4  0  0  1  
0  7  0  0  5  0  0  9  0  
0  0  3  0  0  7  0  0  0  
0  4  0  0  6  0  0  0  0  
6  0  0  1  0  0  8  0  0  
0  2  0  0  0  0  1  0  0  
8  5  0  9  0  0  0  6  0  
0  0  0  0  8  0  0  0  3  
Total Boards Created : 928
Total Recursive Calls : 463
Output Board: 
5  3  8  2  1  9  7  4  6  
9  6  2  8  7  4  5  3  1  
1  7  4  3  5  6  2  9  8  
2  8  3  4  9  7  6  1  5  
7  4  1  5  6  8  3  2  9  
6  9  5  1  2  3  8  7  4  
3  2  9  6  4  5  1  8  7  
8  5  7  9  3  1  4  6  2  
4  1  6  7  8  2  9  5  3  
Total parallel time taken to solve a 9x9 Sudoku Board : 0.184717
============================================================================================
============================================================================================
EXPLORATORY DECOMPOSITION OF A 9x9 SUDOKU BOARD
============================================================================================
Requested Thread Count: 10
INPUT BOARD : 
4  0  0  0  7  0  1  0  0  
0  0  1  9  0  4  6  0  5  
0  0  0  0  0  1  0  0  0  
0  0  0  7  0  0  0  0  2  
0  0  2  0  3  0  0  0  0  
8  4  7  0  0  6  0  0  0  
0  1  4  0  0  0  8  0  6  
0  2  0  0  0  0  3  0  0  
6  0  0  0  9  0  0  0  0  
Total Boards Created : 9325
Total Recursive Calls : 4643
Output Board: 
4  9  6  5  7  3  1  2  8  
3  8  1  9  2  4  6  7  5  
2  7  5  8  6  1  9  4  3  
1  5  3  7  8  9  4  6  2  
9  6  2  4  3  5  7  8  1  
8  4  7  2  1  6  5  3  9  
7  1  4  3  5  2  8  9  6  
5  2  9  6  4  8  3  1  7  
6  3  8  1  9  7  2  5  4  
Total parallel time taken to solve a 9x9 Sudoku Board : 1.13203
============================================================================================
============================================================================================
EXPLORATORY DECOMPOSITION OF A 9x9 SUDOKU BOARD
============================================================================================
Requested Thread Count: 10
INPUT BOARD : 
0  0  5  0  0  8  0  0  1  
8  0  0  0  0  0  0  9  0  
0  0  0  0  0  0  7  8  0  
0  0  0  4  0  0  0  0  0  
6  4  0  0  0  0  9  0  0  
0  0  0  0  5  3  0  0  2  
0  6  0  0  0  0  0  0  0  
0  0  1  3  8  0  0  5  0  
0  0  0  9  0  7  1  4  0  
Total Boards Created : 3511
Total Recursive Calls : 1740
Output Board: 
9  3  5  7  4  8  6  2  1  
8  7  6  2  3  1  5  9  4  
1  2  4  6  9  5  7  8  3  
5  1  2  4  6  9  3  7  8  
6  4  3  8  7  2  9  1  5  
7  8  9  1  5  3  4  6  2  
2  6  7  5  1  4  8  3  9  
4  9  1  3  8  6  2  5  7  
3  5  8  9  2  7  1  4  6  
Total parallel time taken to solve a 9x9 Sudoku Board : 0.539435
============================================================================================
============================================================================================
EXPLORATORY DECOMPOSITION OF A 9x9 SUDOKU BOARD
============================================================================================
Requested Thread Count: 10
INPUT BOARD : 
3  0  0  0  8  0  0  0  0  
0  0  0  7  0  0  0  0  5  
1  0  0  0  0  0  0  0  0  
0  0  0  0  0  0  3  6  0  
0  0  2  0  0  4  0  0  0  
0  7  0  0  0  0  0  0  0  
0  0  0  0  6  0  1  3  0  
0  4  5  2  0  0  0  0  0  
0  0  0  0  0  0  8  0  0  
Total Boards Created : 191108
Total Recursive Calls : 94265
Output Board: 
3  5  4  1  8  6  9  2  7  
2  9  8  7  4  3  6  1  5  
1  6  7  9  5  2  4  8  3  
4  8  1  5  2  7  3  6  9  
9  3  2  6  1  4  5  7  8  
5  7  6  3  9  8  2  4  1  
7  2  9  8  6  5  1  3  4  
8  4  5  2  3  1  7  9  6  
6  1  3  4  7  9  8  5  2  
Total parallel time taken to solve a 9x9 Sudoku Board : 20.5819
============================================================================================
============================================================================================
EXPLORATORY DECOMPOSITION OF A 9x9 SUDOKU BOARD
============================================================================================
Requested Thread Count: 10
INPUT BOARD : 
0  0  0  0  0  0  0  0  0  
0  7  2  0  6  0  1  0  0  
0  0  5  1  0  0  0  8  2  
0  8  0  0  0  1  3  0  0  
4  0  0  0  0  0  0  0  0  
0  3  7  0  9  0  0  1  0  
0  0  0  0  2  3  8  0  0  
5  0  4  0  0  9  0  0  0  
0  0  0  0  0  0  7  9  0  
Total Boards Created : 9131
Total Recursive Calls : 4539
Output Board: 
1  4  3  2  5  8  6  7  9  
8  7  2  9  6  4  1  5  3  
6  9  5  1  3  7  4  8  2  
9  8  6  5  4  1  3  2  7  
4  5  1  3  7  2  9  6  8  
2  3  7  8  9  6  5  1  4  
7  1  9  6  2  3  8  4  5  
5  6  4  7  8  9  2  3  1  
3  2  8  4  1  5  7  9  6  
Total parallel time taken to solve a 9x9 Sudoku Board : 1.56711
============================================================================================
============================================================================================
EXPLORATORY DECOMPOSITION OF A 9x9 SUDOKU BOARD
============================================================================================
Requested Thread Count: 10
INPUT BOARD : 
0  5  2  0  0  6  8  0  0  
0  0  0  0  0  7  0  2  0  
0  0  0  0  0  0  6  0  0  
0  0  4  8  0  0  9  0  0  
2  0  0  4  1  0  0  0  0  
0  0  1  0  0  0  0  0  8  
0  0  6  1  0  0  3  8  0  
0  0  0  0  9  0  0  0  6  
3  0  0  6  0  0  1  0  9  
Total Boards Created : 12112
Total Recursive Calls : 6042
Output Board: 
1  5  2  9  4  6  8  3  7  
9  6  3  5  8  7  4  2  1  
8  4  7  2  3  1  6  9  5  
5  7  4  8  6  3  9  1  2  
2  8  9  4  1  5  7  6  3  
6  3  1  7  2  9  5  4  8  
7  9  6  1  5  2  3  8  4  
4  1  5  3  9  8  2  7  6  
3  2  8  6  7  4  1  5  9  
Total parallel time taken to solve a 9x9 Sudoku Board : 1.91154
============================================================================================
============================================================================================
EXPLORATORY DECOMPOSITION OF A 9x9 SUDOKU BOARD
============================================================================================
Requested Thread Count: 10
INPUT BOARD : 
3  4  0  6  0  0  0  0  0  
0  0  7  0  0  0  0  0  0  
0  2  0  0  8  0  5  7  0  
0  0  0  0  0  5  0  0  0  
0  7  0  0  1  0  0  2  0  
0  0  0  4  0  0  0  0  0  
0  3  6  0  2  0  0  1  0  
0  0  0  0  0  0  9  0  0  
0  0  0  0  0  7  0  8  2  
Total Boards Created : 50715
Total Recursive Calls : 25230
Output Board: 
3  4  5  6  7  1  2  9  8  
9  8  7  2  5  3  1  4  6  
6  2  1  9  8  4  5  7  3  
2  6  4  7  9  5  8  3  1  
5  7  3  8  1  6  4  2  9  
1  9  8  4  3  2  6  5  7  
8  3  6  5  2  9  7  1  4  
7  1  2  3  4  8  9  6  5  
4  5  9  1  6  7  3  8  2  
Total parallel time taken to solve a 9x9 Sudoku Board : 7.23811
============================================================================================
============================================================================================
EXPLORATORY DECOMPOSITION OF A 9x9 SUDOKU BOARD
============================================================================================
Requested Thread Count: 10
INPUT BOARD : 
0  0  0  5  2  0  0  0  0  
0  9  0  0  0  3  0  0  4  
0  0  0  0  0  0  7  0  0  
0  1  0  0  0  0  0  4  0  
0  8  0  0  4  5  3  0  0  
6  0  0  0  1  0  0  0  8  
7  0  2  0  0  0  0  0  0  
0  0  8  0  0  0  0  3  2  
0  4  0  0  8  0  0  1  0  
Total Boards Created : 18682
Total Recursive Calls : 8996
Output Board: 
4  7  6  5  2  9  1  8  3  
8  9  5  1  7  3  6  2  4  
3  2  1  8  6  4  7  9  5  
5  1  7  3  9  8  2  4  6  
2  8  9  6  4  5  3  7  1  
6  3  4  7  1  2  9  5  8  
7  5  2  4  3  1  8  6  9  
1  6  8  9  5  7  4  3  2  
9  4  3  2  8  6  5  1  7  
Total parallel time taken to solve a 9x9 Sudoku Board : 3.726
============================================================================================
============================================================================================
EXPLORATORY DECOMPOSITION OF A 9x9 SUDOKU BOARD
============================================================================================
Requested Thread Count: 10
INPUT BOARD : 
0  4  7  6  0  0  0  5  0  
8  0  3  0  0  0  0  0  2  
0  0  0  0  0  9  0  0  0  
0  0  0  8  0  5  0  0  6  
0  0  0  1  0  0  0  0  0  
6  0  2  4  0  0  0  0  0  
0  7  8  0  0  0  5  1  0  
0  0  6  0  0  0  0  4  0  
0  9  0  0  0  4  0  0  7  
Total Boards Created : 2204
Total Recursive Calls : 1102
Output Board: 
9  4  7  6  2  8  3  5  1  
8  6  3  7  5  1  4  9  2  
1  2  5  3  4  9  6  7  8  
7  3  4  8  9  5  1  2  6  
5  8  9  1  6  2  7  3  4  
6  1  2  4  7  3  9  8  5  
4  7  8  2  3  6  5  1  9  
2  5  6  9  1  7  8  4  3  
3  9  1  5  8  4  2  6  7  
Total parallel time taken to solve a 9x9 Sudoku Board : 0.302266
============================================================================================
============================================================================================
EXPLORATORY DECOMPOSITION OF A 9x9 SUDOKU BOARD
============================================================================================
Requested Thread Count: 10
INPUT BOARD : 
0  0  0  0  0  0  8  0  1  
7  0  0  2  0  0  0  0  0  
0  0  0  5  0  6  0  0  0  
0  0  0  7  0  0  0  5  0  
0  1  0  0  0  0  3  0  0  
0  8  0  0  0  0  0  0  0  
5  0  0  0  0  0  0  2  0  
0  4  0  0  8  0  0  0  0  
6  0  0  0  3  0  0  0  0  
Total Boards Created : 2389700
Total Recursive Calls : 1182440
Output Board: 
2  5  4  3  7  9  8  6  1  
7  6  1  2  4  8  5  9  3  
8  9  3  5  1  6  7  4  2  
3  2  6  7  9  1  4  5  8  
9  1  5  8  2  4  3  7  6  
4  8  7  6  5  3  2  1  9  
5  3  8  1  6  7  9  2  4  
1  4  2  9  8  5  6  3  7  
6  7  9  4  3  2  1  8  5  
Total parallel time taken to solve a 9x9 Sudoku Board : 156.277
============================================================================================
============================================================================================
EXPLORATORY DECOMPOSITION OF A 9x9 SUDOKU BOARD
============================================================================================
Requested Thread Count: 10
INPUT BOARD : 
0  0  8  4  0  0  0  3  0  
0  0  0  3  0  0  0  0  0  
9  0  0  0  0  1  5  7  4  
7  9  0  0  0  8  0  0  0  
0  0  0  0  0  7  0  0  5  
1  4  0  0  0  0  0  2  0  
0  0  9  0  6  0  0  0  2  
0  5  0  0  0  0  4  0  0  
0  0  0  0  9  0  0  5  6  
Total Boards Created : 1900
Total Recursive Calls : 950
Output Board: 
5  1  8  4  7  6  2  3  9  
4  2  7  3  5  9  6  1  8  
9  6  3  8  2  1  5  7  4  
7  9  5  2  4  8  3  6  1  
8  3  2  6  1  7  9  4  5  
1  4  6  9  3  5  8  2  7  
3  7  9  5  6  4  1  8  2  
6  5  1  7  8  2  4  9  3  
2  8  4  1  9  3  7  5  6  
Total parallel time taken to solve a 9x9 Sudoku Board : 0.323948
============================================================================================
============================================================================================
EXPLORATORY DECOMPOSITION OF A 9x9 SUDOKU BOARD
============================================================================================
Requested Thread Count: 10
INPUT BOARD : 
4  0  0  0  0  0  3  0  0  
0  0  0  8  0  2  0  0  0  
0  0  0  7  0  0  0  0  0  
0  0  0  1  0  0  0  8  7  
3  4  0  0  0  0  0  0  0  
6  0  0  0  0  0  0  0  0  
5  0  0  0  6  0  0  0  0  
0  0  0  0  1  0  4  0  0  
0  8  2  0  0  0  0  0  0  
Total Boards Created : 483975
Total Recursive Calls : 239217
Output Board: 
4  7  5  6  9  1  3  2  8  
9  6  1  8  3  2  7  4  5  
8  2  3  7  5  4  1  9  6  
2  5  9  1  4  3  6  8  7  
3  4  7  5  8  6  2  1  9  
6  1  8  9  2  7  5  3  4  
5  3  4  2  6  9  8  7  1  
7  9  6  3  1  8  4  5  2  
1  8  2  4  7  5  9  6  3  
Total parallel time taken to solve a 9x9 Sudoku Board : 50.9077
============================================================================================
============================================================================================
EXPLORATORY DECOMPOSITION OF A 9x9 SUDOKU BOARD
============================================================================================
Requested Thread Count: 10
INPUT BOARD : 
2  4  9  0  6  0  0  0  3  
0  3  0  0  0  0  2  0  0  
8  0  0  0  0  0  0  0  5  
0  0  0  0  0  6  0  0  0  
0  0  0  2  0  0  0  0  0  
0  1  0  0  4  0  8  2  0  
0  9  0  5  0  0  7  0  0  
0  0  4  0  0  0  0  0  1  
0  7  0  0  0  3  0  0  0  
Total Boards Created : 2852
Total Recursive Calls : 1367
Output Board: 
2  4  9  8  6  5  1  7  3  
5  3  1  9  7  4  2  6  8  
8  6  7  1  3  2  4  9  5  
4  2  3  7  8  6  5  1  9  
9  8  6  2  5  1  3  4  7  
7  1  5  3  4  9  8  2  6  
6  9  2  5  1  8  7  3  4  
3  5  4  6  2  7  9  8  1  
1  7  8  4  9  3  6  5  2  
Total parallel time taken to solve a 9x9 Sudoku Board : 0.341453
============================================================================================
============================================================================================
EXPLORATORY DECOMPOSITION OF A 9x9 SUDOKU BOARD
============================================================================================
Requested Thread Count: 10
INPUT BOARD : 
0  0  2  4  7  0  0  5  8  
0  0  0  0  0  0  0  0  0  
0  0  0  0  0  1  0  4  0  
0  0  0  0  2  0  0  0  9  
5  2  8  0  9  0  4  0  0  
0  0  9  0  0  0  1  0  0  
0  0  0  0  0  0  0  3  0  
3  0  0  0  0  7  5  0  0  
6  8  5  0  0  2  0  0  0  
Total Boards Created : 4680
Total Recursive Calls : 2316
Output Board: 
1  3  2  4  7  9  6  5  8  
8  4  7  5  6  3  2  9  1  
9  5  6  2  8  1  3  4  7  
4  1  3  7  2  5  8  6  9  
5  2  8  1  9  6  4  7  3  
7  6  9  3  4  8  1  2  5  
2  7  1  8  5  4  9  3  6  
3  9  4  6  1  7  5  8  2  
6  8  5  9  3  2  7  1  4  
Total parallel time taken to solve a 9x9 Sudoku Board : 0.608483
============================================================================================
============================================================================================
EXPLORATORY DECOMPOSITION OF A 9x9 SUDOKU BOARD
============================================================================================
Requested Thread Count: 10
INPUT BOARD : 
1  0  0  0  0  6  0  8  0  
0  6  4  0  0  0  0  0  0  
0  0  0  0  4  0  0  0  7  
0  0  0  0  9  0  6  0  0  
0  7  0  4  0  0  5  0  0  
5  0  0  0  7  0  1  0  0  
0  5  0  0  0  0  3  2  0  
3  0  0  0  0  8  0  0  0  
4  0  0  0  0  0  0  0  0  
Total Boards Created : 22109
Total Recursive Calls : 10986
Output Board: 
1  3  7  9  2  6  4  8  5  
9  6  4  5  8  7  2  3  1  
8  2  5  3  4  1  9  6  7  
2  4  1  8  9  5  6  7  3  
6  7  3  4  1  2  5  9  8  
5  8  9  6  7  3  1  4  2  
7  5  8  1  6  4  3  2  9  
3  9  6  2  5  8  7  1  4  
4  1  2  7  3  9  8  5  6  
Total parallel time taken to solve a 9x9 Sudoku Board : 2.23393
============================================================================================
============================================================================================
EXPLORATORY DECOMPOSITION OF A 9x9 SUDOKU BOARD
============================================================================================
Requested Thread Count: 10
INPUT BOARD : 
0  2  6  0  3  9  0  0  0  
0  0  0  6  0  0  0  0  1  
9  0  0  0  0  0  7  0  0  
0  0  0  0  0  4  0  0  9  
0  5  0  0  0  0  2  0  0  
0  0  8  5  0  0  0  0  0  
3  0  0  2  0  0  9  0  0  
4  0  0  0  0  7  6  2  0  
0  0  0  0  0  0  0  0  4  
Total Boards Created : 3667
Total Recursive Calls : 1816
Output Board: 
1  2  6  7  3  9  8  4  5  
8  4  7  6  2  5  3  9  1  
9  3  5  4  8  1  7  6  2  
2  1  3  8  6  4  5  7  9  
6  5  4  9  7  3  2  1  8  
7  9  8  5  1  2  4  3  6  
3  6  1  2  4  8  9  5  7  
4  8  9  1  5  7  6  2  3  
5  7  2  3  9  6  1  8  4  
Total parallel time taken to solve a 9x9 Sudoku Board : 0.510467
============================================================================================
============================================================================================
EXPLORATORY DECOMPOSITION OF A 9x9 SUDOKU BOARD
============================================================================================
Requested Thread Count: 10
INPUT BOARD : 
0  0  0  0  5  0  0  0  1  
1  0  0  0  0  0  0  7  0  
0  6  0  0  0  0  0  8  0  
0  0  0  0  0  4  0  0  0  
0  0  9  0  1  0  3  0  0  
0  0  0  5  9  6  0  2  0  
0  8  0  0  6  2  0  0  7  
0  0  7  0  0  0  0  0  0  
3  0  5  0  7  0  2  0  0  
Total Boards Created : 10908
Total Recursive Calls : 5446
Output Board: 
8  7  2  4  5  9  6  3  1  
1  5  4  6  8  3  9  7  2  
9  6  3  7  2  1  4  8  5  
2  1  6  8  3  4  7  5  9  
5  4  9  2  1  7  3  6  8  
7  3  8  5  9  6  1  2  4  
4  8  1  3  6  2  5  9  7  
6  2  7  9  4  5  8  1  3  
3  9  5  1  7  8  2  4  6  
Total parallel time taken to solve a 9x9 Sudoku Board : 1.54061
============================================================================================
============================================================================================
EXPLORATORY DECOMPOSITION OF A 9x9 SUDOKU BOARD
============================================================================================
Requested Thread Count: 10
INPUT BOARD : 
0  0  7  0  0  8  0  0  0  
0  0  6  0  2  0  3  0  0  
0  3  0  0  0  0  0  0  9  
0  1  0  0  5  0  0  6  0  
0  0  0  0  1  0  0  0  0  
0  7  0  9  0  0  0  0  2  
0  0  0  0  0  0  0  0  4  
0  8  3  0  0  4  0  0  0  
2  6  0  0  0  0  5  1  0  
Total Boards Created : 6828
Total Recursive Calls : 3401
Output Board: 
9  5  7  6  3  8  4  2  1  
1  4  6  7  2  9  3  8  5  
8  3  2  5  4  1  6  7  9  
4  1  9  3  5  2  7  6  8  
6  2  8  4  1  7  9  5  3  
3  7  5  9  8  6  1  4  2  
7  9  1  2  6  5  8  3  4  
5  8  3  1  7  4  2  9  6  
2  6  4  8  9  3  5  1  7  
Total parallel time taken to solve a 9x9 Sudoku Board : 1.13696
============================================================================================
============================================================================================
EXPLORATORY DECOMPOSITION OF A 9x9 SUDOKU BOARD
============================================================================================
Requested Thread Count: 10
INPUT BOARD : 
3  0  6  0  7  0  0  0  0  
0  0  0  0  0  0  0  5  1  
8  0  0  0  0  0  0  0  0  
0  1  0  4  0  5  0  0  0  
7  0  0  0  0  0  6  0  0  
0  0  0  2  0  0  0  0  0  
0  2  0  0  0  0  0  4  0  
0  0  0  0  8  0  3  0  0  
0  0  0  5  0  0  0  0  0  
Total Boards Created : 630767
Total Recursive Calls : 312467
Output Board: 
3  5  6  8  7  1  2  9  4  
9  7  2  6  4  3  8  5  1  
8  4  1  9  5  2  7  3  6  
2  1  3  4  6  5  9  8  7  
7  9  4  3  1  8  6  2  5  
6  8  5  2  9  7  4  1  3  
1  2  8  7  3  6  5  4  9  
5  6  9  1  8  4  3  7  2  
4  3  7  5  2  9  1  6  8  
Total parallel time taken to solve a 9x9 Sudoku Board : 43.3236
============================================================================================
============================================================================================
EXPLORATORY DECOMPOSITION OF A 9x9 SUDOKU BOARD
============================================================================================
Requested Thread Count: 10
INPUT BOARD : 
0  9  2  3  0  0  0  0  0  
0  0  0  0  8  0  1  0  0  
0  0  0  0  0  0  0  0  0  
1  0  7  0  4  0  0  0  0  
0  0  0  0  0  0  0  6  5  
8  0  0  0  0  0  0  0  0  
0  6  0  5  0  2  0  0  0  
4  0  0  0  0  0  7  0  0  
0  0  0  9  0  0  0  0  0  
Total Boards Created : 6861791
Total Recursive Calls : 3332454
Output Board: 
7  9  2  3  5  1  6  4  8  
5  4  3  7  8  6  1  2  9  
6  8  1  4  2  9  5  3  7  
1  5  7  6  4  8  2  9  3  
9  2  4  1  3  7  8  6  5  
8  3  6  2  9  5  4  7  1  
3  6  8  5  7  2  9  1  4  
4  1  9  8  6  3  7  5  2  
2  7  5  9  1  4  3  8  6  
Total parallel time taken to solve a 9x9 Sudoku Board : 431.306
============================================================================================
============================================================================================
EXPLORATORY DECOMPOSITION OF A 16x16 SUDOKU BOARD
============================================================================================
Requested Thread Count: 100
INPUT BOARD : 
0  15  0  1  0  2  10  14  12  0  0  0  0  0  0  0  
0  6  3  16  12  0  8  4  14  15  1  0  2  0  0  0  
14  0  9  7  11  3  15  0  0  0  0  0  0  0  0  0  
4  13  2  12  0  0  0  0  6  0  0  0  0  15  0  0  
0  0  0  0  14  1  11  7  3  5  10  0  0  8  0  12  
3  16  0  0  2  4  0  0  0  14  7  13  0  0  5  15  
11  0  5  0  0  0  0  0  0  9  4  0  0  6  0  0  
0  0  0  0  13  0  16  5  15  0  0  12  0  0  0  0  
0  0  0  0  9  0  1  12  0  8  3  10  11  0  15  0  
2  12  0  11  0  0  14  3  5  4  0  0  0  0  9  0  
6  3  0  4  0  0  13  0  0  11  9  1  0  12  16  2  
0  0  10  9  0  0  0  0  0  0  12  0  8  0  6  7  
12  8  0  0  16  0  0  10  0  13  0  0  0  5  0  0  
5  0  0  0  3  0  4  6  0  1  15  0  0  0  0  0  
0  9  1  6  0  14  0  11  0  0  2  0  0  0  10  8  
0  14  0  0  0  13  9  0  4  12  0  8  0  0  2  0  
Total Boards Created : 390819
Total Recursive Calls : 188934
Output Board: 
8  15  11  1  6  2  10  14  12  7  13  3  16  9  4  5  
10  6  3  16  12  5  8  4  14  15  1  9  2  11  7  13  
14  5  9  7  11  3  15  13  8  2  16  4  12  10  1  6  
4  13  2  12  1  9  7  16  6  10  5  11  3  15  8  14  
9  2  6  15  14  1  11  7  3  5  10  16  4  8  13  12  
3  16  12  8  2  4  6  9  11  14  7  13  10  1  5  15  
11  10  5  13  8  12  3  15  1  9  4  2  7  6  14  16  
1  4  7  14  13  10  16  5  15  6  8  12  9  2  3  11  
13  7  16  5  9  6  1  12  2  8  3  10  11  14  15  4  
2  12  8  11  7  16  14  3  5  4  6  15  1  13  9  10  
6  3  14  4  10  15  13  8  7  11  9  1  5  12  16  2  
15  1  10  9  4  11  5  2  13  16  12  14  8  3  6  7  
12  8  4  3  16  7  2  10  9  13  14  6  15  5  11  1  
5  11  13  2  3  8  4  6  10  1  15  7  14  16  12  9  
7  9  1  6  15  14  12  11  16  3  2  5  13  4  10  8  
16  14  15  10  5  13  9  1  4  12  11  8  6  7  2  3  
Total parallel time taken to solve a 16x16 Sudoku Board : 195.629
============================================================================================

============================================================================================
EXPLORATORY DECOMPOSITION OF A 16x16 SUDOKU BOARD
============================================================================================
MODE: SERIAL 
INPUT BOARD : 
0  15  0  1  0  2  10  14  12  0  0  0  0  0  0  0  
0  6  3  16  12  0  8  4  14  15  1  0  2  0  0  0  
14  0  9  7  11  3  15  0  0  0  0  0  0  0  0  0  
4  13  2  12  0  0  0  0  6  0  0  0  0  15  0  0  
0  0  0  0  14  1  11  7  3  5  10  0  0  8  0  12  
3  16  0  0  2  4  0  0  0  14  7  13  0  0  5  15  
11  0  5  0  0  0  0  0  0  9  4  0  0  6  0  0  
0  0  0  0  13  0  16  5  15  0  0  12  0  0  0  0  
0  0  0  0  9  0  1  12  0  8  3  10  11  0  15  0  
2  12  0  11  0  0  14  3  5  4  0  0  0  0  9  0  
6  3  0  4  0  0  13  0  0  11  9  1  0  12  16  2  
0  0  10  9  0  0  0  0  0  0  12  0  8  0  6  7  
12  8  0  0  16  0  0  10  0  13  0  0  0  5  0  0  
5  0  0  0  3  0  4  6  0  1  15  0  0  0  0  0  
0  9  1  6  0  14  0  11  0  0  2  0  0  0  10  8  
0  14  0  0  0  13  9  0  4  12  11  8  0  0  2  0  
Total Boards Created : 23329
Total Recursive Calls : 11365
Output Board: 
8  15  11  1  6  2  10  14  12  7  13  3  16  9  4  5  
10  6  3  16  12  5  8  4  14  15  1  9  2  11  7  13  
14  5  9  7  11  3  15  13  8  2  16  4  12  10  1  6  
4  13  2  12  1  9  7  16  6  10  5  11  3  15  8  14  
9  2  6  15  14  1  11  7  3  5  10  16  4  8  13  12  
3  16  12  8  2  4  6  9  11  14  7  13  10  1  5  15  
11  10  5  13  8  12  3  15  1  9  4  2  7  6  14  16  
1  4  7  14  13  10  16  5  15  6  8  12  9  2  3  11  
13  7  16  5  9  6  1  12  2  8  3  10  11  14  15  4  
2  12  8  11  7  16  14  3  5  4  6  15  1  13  9  10  
6  3  14  4  10  15  13  8  7  11  9  1  5  12  16  2  
15  1  10  9  4  11  5  2  13  16  12  14  8  3  6  7  
12  8  4  3  16  7  2  10  9  13  14  6  15  5  11  1  
5  11  13  2  3  8  4  6  10  1  15  7  14  16  12  9  
7  9  1  6  15  14  12  11  16  3  2  5  13  4  10  8  
16  14  15  10  5  13  9  1  4  12  11  8  6  7  2  3  
Total serial time taken to solve a 16x16 Sudoku Board : 22
============================================================================================
============================================================================================
EXPLORATORY DECOMPOSITION OF A 16x16 SUDOKU BOARD
============================================================================================
MODE: SERIAL 
INPUT BOARD : 
0  15  0  1  0  2  10  14  12  0  0  0  0  0  0  0  
0  6  3  16  12  0  8  4  14  15  1  0  2  0  0  0  
14  0  9  7  11  3  15  0  0  0  0  0  0  0  0  0  
4  13  2  12  0  0  0  0  6  0  0  0  0  15  0  0  
0  0  0  0  14  1  11  7  3  5  10  0  0  8  0  12  
3  16  0  0  2  4  0  0  0  14  7  13  0  0  5  15  
11  0  5  0  0  0  0  0  0  9  4  0  0  6  0  0  
0  0  0  0  13  0  16  5  15  0  0  12  0  0  0  0  
0  0  0  0  9  0  1  12  0  8  3  10  11  0  15  0  
2  12  0  11  0  0  14  3  5  4  0  0  0  0  9  0  
6  3  0  4  0  0  13  0  0  11  9  1  0  12  16  2  
0  0  10  9  0  0  0  0  0  0  12  0  8  0  6  7  
12  8  0  0  16  0  0  10  0  13  0  0  0  5  0  0  
5  0  0  0  3  0  4  6  0  1  15  0  0  0  0  0  
0  9  1  6  0  14  0  11  0  0  2  0  0  0  10  8  
0  14  0  0  0  13  9  0  4  12  0  8  0  0  2  0  
Total Boards Created : 390725
Total Recursive Calls : 188887
Output Board: 
8  15  11  1  6  2  10  14  12  7  13  3  16  9  4  5  
10  6  3  16  12  5  8  4  14  15  1  9  2  11  7  13  
14  5  9  7  11  3  15  13  8  2  16  4  12  10  1  6  
4  13  2  12  1  9  7  16  6  10  5  11  3  15  8  14  
9  2  6  15  14  1  11  7  3  5  10  16  4  8  13  12  
3  16  12  8  2  4  6  9  11  14  7  13  10  1  5  15  
11  10  5  13  8  12  3  15  1  9  4  2  7  6  14  16  
1  4  7  14  13  10  16  5  15  6  8  12  9  2  3  11  
13  7  16  5  9  6  1  12  2  8  3  10  11  14  15  4  
2  12  8  11  7  16  14  3  5  4  6  15  1  13  9  10  
6  3  14  4  10  15  13  8  7  11  9  1  5  12  16  2  
15  1  10  9  4  11  5  2  13  16  12  14  8  3  6  7  
12  8  4  3  16  7  2  10  9  13  14  6  15  5  11  1  
5  11  13  2  3  8  4  6  10  1  15  7  14  16  12  9  
7  9  1  6  15  14  12  11  16  3  2  5  13  4  10  8  
16  14  15  10  5  13  9  1  4  12  11  8  6  7  2  3  
Total serial time taken to solve a 16x16 Sudoku Board : 390
============================================================================================
============================================================================================
EXPLORATORY DECOMPOSITION OF A 9x9 SUDOKU BOARD
============================================================================================
MODE: SERIAL 
INPUT BOARD : 
0  9  2  3  0  0  0  0  0  
0  0  0  0  8  0  1  0  0  
0  0  0  0  0  0  0  0  0  
1  0  7  0  4  0  0  0  0  
0  0  0  0  0  0  0  6  5  
8  0  0  0  0  0  0  0  0  
0  6  0  5  0  2  0  0  0  
4  0  0  0  0  0  7  0  0  
0  0  0  9  0  0  0  0  0  
Total Boards Created : 2393899
Total Recursive Calls : 1168723
Output Board: 
7  9  2  3  5  1  6  4  8  
5  4  3  7  8  6  1  2  9  
6  8  1  4  2  9  5  3  7  
1  5  7  6  4  8  2  9  3  
9  2  4  1  3  7  8  6  5  
8  3  6  2  9  5  4  7  1  
3  6  8  5  7  2  9  1  4  
4  1  9  8  6  3  7  5  2  
2  7  5  9  1  4  3  8  6  
Total serial time taken to solve a 9x9 Sudoku Board : 1029
============================================================================================
